[gd_scene load_steps=9 format=3 uid="uid://co7cpvijnjwwy"]

[ext_resource type="PackedScene" uid="uid://cg4130t4le47p" path="res://scenes/ui/aim_ui.tscn" id="1_6pydf"]
[ext_resource type="Material" uid="uid://c0kldihsaqwhf" path="res://data/textures/road_placeholder.tres" id="2_vahen"]
[ext_resource type="Material" uid="uid://0ti1s767wycv" path="res://data/textures/building_placeholder.tres" id="3_ii0mq"]
[ext_resource type="Material" uid="uid://favjxlbqn4og" path="res://data/textures/ground_placeholder.tres" id="4_cxdv4"]
[ext_resource type="PackedScene" uid="uid://dx2ebwl28gts4" path="res://scenes/vehicles/apc.tscn" id="5_ocnk7"]
[ext_resource type="PackedScene" uid="uid://bmhx1apw1smhr" path="res://scenes/vehicles/apc_ai.tscn" id="6_nqo74"]
[ext_resource type="PackedScene" uid="uid://dl70ddkvvevkk" path="res://scenes/scene objects/Player_Camera.tscn" id="7_1wu5r"]

[sub_resource type="NavigationMesh" id="NavigationMesh_dyc1k"]
vertices = PackedVector3Array(-48.0747, 1.11228, -25.2722, -22.3247, 1.11228, -25.0222, -22.3247, 1.11228, -26.5222, -20.5747, 1.11228, -29.2722, -18.5747, 1.11228, -30.2722, -16.5747, 1.11228, -64.2722, -48.0747, 1.11228, -64.2722, -16.5747, 1.11228, -30.2722, -2.57475, 1.11228, -30.2722, -2.57475, 1.11228, -64.2722, 3.17525, 1.11228, -26.5222, 3.17525, 1.11228, -25.0222, 20.9253, 1.36228, -25.2722, 1.42525, 1.11228, -29.2722, -0.574749, 1.11228, -30.2722, 20.9253, 1.36228, -64.2722, -48.0747, 1.11228, -13.5222, -22.3247, 1.11228, -13.7722, 3.17525, 1.11228, -13.7722, 20.9253, 1.36228, -13.5222, -14.3247, 27.6123, -22.2722, -14.3247, 27.6123, -16.5222, -4.82475, 27.6123, -16.5222, -4.82475, 27.6123, -22.2722, -14.0747, 1.11228, -22.0222, -14.0747, 1.11228, -16.7722, -5.07475, 1.11228, -16.7722, -5.07475, 1.11228, -22.0222, -48.0747, 1.11228, 11.9778, -38.8247, 1.11228, 12.2278, -38.8247, 1.11228, 10.7278, -37.8247, 1.11228, 8.7278, -35.0747, 1.11228, 6.9778, -22.3247, 1.11228, -12.2722, -16.5747, 1.11228, 6.9778, -16.5747, 1.11228, -8.5222, -18.5747, 1.11228, -8.5222, -20.5747, 1.11228, -9.5222, 19.6753, 1.36228, 10.7278, 19.6753, 1.36228, 12.4778, 20.9253, 1.36228, 11.9778, 18.6753, 1.36228, 8.7278, -0.574749, 1.11228, -8.5222, -2.57475, 1.11228, -8.5222, -2.57475, 1.11228, 6.9778, 1.42525, 1.11228, -9.5222, 3.17525, 1.11228, -12.2722, 15.9253, 1.11228, 6.9778, -38.8247, 1.11228, 16.2278, -48.0747, 1.11228, 19.9778, -37.8247, 1.11228, 18.2278, -35.0747, 1.11228, 19.9778, 18.6753, 1.36228, 18.2278, 15.9253, 1.11228, 19.9778, 20.9253, 1.36228, 19.9778, 19.6753, 1.36228, 16.2278)
polygons = [PackedInt32Array(2, 1, 0), PackedInt32Array(3, 2, 0), PackedInt32Array(3, 0, 4), PackedInt32Array(4, 0, 6), PackedInt32Array(4, 6, 5), PackedInt32Array(5, 7, 4), PackedInt32Array(5, 9, 7), PackedInt32Array(7, 9, 8), PackedInt32Array(12, 11, 10), PackedInt32Array(12, 10, 13), PackedInt32Array(13, 14, 12), PackedInt32Array(12, 14, 15), PackedInt32Array(15, 14, 9), PackedInt32Array(14, 8, 9), PackedInt32Array(17, 16, 1), PackedInt32Array(1, 16, 0), PackedInt32Array(11, 12, 18), PackedInt32Array(18, 12, 19), PackedInt32Array(23, 22, 20), PackedInt32Array(20, 22, 21), PackedInt32Array(27, 26, 24), PackedInt32Array(24, 26, 25), PackedInt32Array(30, 29, 28), PackedInt32Array(31, 30, 28), PackedInt32Array(31, 28, 32), PackedInt32Array(32, 28, 16), PackedInt32Array(32, 16, 33), PackedInt32Array(33, 16, 17), PackedInt32Array(36, 35, 34), PackedInt32Array(37, 36, 34), PackedInt32Array(37, 34, 33), PackedInt32Array(33, 34, 32), PackedInt32Array(40, 39, 38), PackedInt32Array(38, 41, 40), PackedInt32Array(40, 41, 19), PackedInt32Array(44, 43, 42), PackedInt32Array(44, 42, 45), PackedInt32Array(46, 18, 19), PackedInt32Array(45, 46, 44), PackedInt32Array(44, 46, 47), PackedInt32Array(47, 46, 19), PackedInt32Array(47, 19, 41), PackedInt32Array(35, 43, 34), PackedInt32Array(34, 43, 44), PackedInt32Array(29, 48, 28), PackedInt32Array(28, 48, 49), PackedInt32Array(48, 50, 49), PackedInt32Array(50, 51, 49), PackedInt32Array(54, 53, 52), PackedInt32Array(54, 52, 55), PackedInt32Array(39, 40, 55), PackedInt32Array(55, 40, 54)]
geometry_source_geometry_mode = 1
geometry_source_group_name = &"terrain"
agent_radius = 4.0
region_merge_size = 10.0

[node name="Explosions_TestStage" type="Node3D"]

[node name="AimUI" parent="." node_paths=PackedStringArray("camera", "playerEntity") instance=ExtResource("1_6pydf")]
camera = NodePath("../PlayerCam")
playerEntity = NodePath("../Apc")

[node name="CSGBox3D" type="CSGBox3D" parent="." groups=["terrain"]]
transform = Transform3D(1, 0, 0, 0, 1, 0, 0, 0, 1, 19.8427, 0.84958, -21.785)
use_collision = true
size = Vector3(5.33496, 0.0888672, 91.1985)
material = ExtResource("2_vahen")

[node name="Building" type="CSGBox3D" parent="." groups=["terrain"]]
transform = Transform3D(1, 0, 0, 0, 1, 0, 0, 0, 1, -9.50981, 3.90891, 13.5246)
use_collision = true
size = Vector3(50.2467, 6.20752, 4.76413)
material = ExtResource("3_ii0mq")

[node name="Building2" type="CSGBox3D" parent="." groups=["terrain"]]
transform = Transform3D(1, 0, 0, 0, 1, 0, 0, 0, 1, -9.6162, 14.0335, -19.4864)
use_collision = true
size = Vector3(17.3021, 26.4568, 13.545)
material = ExtResource("3_ii0mq")

[node name="Ground" type="CSGBox3D" parent="." groups=["terrain"]]
transform = Transform3D(1, 0, 0, 0, 1, 0, 0, 0, 1, -13.5374, 0.208712, -22.1196)
use_collision = true
size = Vector3(77.0747, 1.19287, 92.3052)
material = ExtResource("4_cxdv4")
metadata/_edit_lock_ = true

[node name="Apc" parent="." instance=ExtResource("5_ocnk7")]
transform = Transform3D(-0.965926, 0, -0.258819, 0, 1, 0, 0.258819, 0, -0.965926, 20.6794, 1.32677, 14.3658)

[node name="ApcAi" parent="." instance=ExtResource("6_nqo74")]
transform = Transform3D(-0.182287, 0, -0.983245, 0, 1, 0, 0.983245, 0, -0.182287, -11.2006, 0.805148, -4.7521)

[node name="ApcAi2" parent="." instance=ExtResource("6_nqo74")]
transform = Transform3D(1, 0, 0, 0, 1, 0, 0, 0, 1, 11.6081, 0.805148, -12.6774)

[node name="ApcAi4" parent="." instance=ExtResource("6_nqo74")]
transform = Transform3D(1, 0, 0, 0, 1, 0, 0, 0, 1, 4.10179, 0.805148, -10.3334)

[node name="ApcAi3" parent="." instance=ExtResource("6_nqo74")]
transform = Transform3D(-0.0639576, 0, -0.997953, 0, 1, 0, 0.997953, 0, -0.0639576, -9.34077, 0.805148, 1.54763)

[node name="ApcAi5" parent="." instance=ExtResource("6_nqo74")]
transform = Transform3D(0.985271, 0, -0.171001, 0, 1, 0, 0.171001, 0, 0.985271, 9.52749, 0.805148, -6.64942)

[node name="ApcAi6" parent="." instance=ExtResource("6_nqo74")]
transform = Transform3D(0.950396, 0, 0.311041, 0, 1, 0, -0.311041, 0, 0.950396, 5.98526, 0.805148, -30.37)

[node name="ApcAi7" parent="." instance=ExtResource("6_nqo74")]
transform = Transform3D(0.950396, 0, 0.311041, 0, 1, 0, -0.311041, 0, 0.950396, 5.50621, 0.805148, -17.9786)

[node name="ApcAi8" parent="." instance=ExtResource("6_nqo74")]
transform = Transform3D(0.498987, 0, -0.866609, 0, 1, 0, 0.866609, 0, 0.498987, -3.57406, 0.805148, -2.50572)

[node name="PlayerCam" parent="." node_paths=PackedStringArray("playerNode") instance=ExtResource("7_1wu5r")]
playerNode = NodePath("../Apc")

[node name="NavigationRegion3D" type="NavigationRegion3D" parent="."]
navigation_mesh = SubResource("NavigationMesh_dyc1k")

[node name="Lighting" type="Node3D" parent="."]
transform = Transform3D(1, 0, 0, 0, 1, 0, 0, 0, 1, 0, -18.5719, 0)

[node name="DirectionalLight3D" type="DirectionalLight3D" parent="Lighting"]
transform = Transform3D(0.090328, -0.75192, -0.653037, -0.551763, -0.583668, 0.595726, -0.829095, 0.306511, -0.467603, 1.53725, 4.9307, -5.74771)
light_energy = 0.466
shadow_enabled = true
shadow_normal_bias = 5.434
shadow_blur = 0.105
sky_mode = 1

[node name="DirectionalLight3D2" type="DirectionalLight3D" parent="Lighting"]
transform = Transform3D(0.145763, -0.453961, 0.879018, 0.553492, 0.773862, 0.307871, -0.82, 0.441654, 0.364064, 4.29666, 2.26333, -2.10357)
shadow_enabled = true
shadow_normal_bias = 5.434
shadow_blur = 0.105
